function testMarg()
b = [78.5448   -20.6657   -6.73465   -11.5708   -25.1516   -5.30126   -20.7346    10.1591     2.6526    4.82297    7.47681    3.65024
-20.6657    82.0362    17.8192    35.2456    4.90277    19.6061    6.56694   -18.8141   -4.30105   -7.19249   -1.78409    -5.9409
-6.73465    17.8192    74.1412    11.0247   -7.72449     6.2021     5.8715  -0.420702   -24.4383  -0.707119    1.75186  -0.517817
-11.5708    35.2456    11.0247     18.484    2.59941    9.94153     2.9918   -5.97244   -2.46092    -3.1545  -0.773502   -2.56103
-25.1516    4.90277   -7.72449    2.59941    11.2817   0.922499    6.68103   -3.49315    2.55571   -1.64413   -3.62604   -1.19584
-5.30126    19.6061     6.2021    9.94153   0.922499      6.108    2.35851   -6.45921   -1.28668    -3.0806  -0.711558   -2.57103
-20.7346    6.56694     5.8715     2.9918    6.68103    2.35851    170.496   -4.43166   -60.2107   -2.71243   -44.2325    1.38097
10.1591   -18.8141  -0.420702   -5.97244   -3.49315   -6.45921   -4.43166    70.9431    6.69656    19.0242    2.50793    16.2332
2.6526   -4.30105   -24.4383   -2.46092    2.55571   -1.28668   -60.2107    6.69656    129.469     1.8312 -0.0865727   0.825075
4.82297   -7.19249  -0.707119    -3.1545   -1.64413    -3.0806   -2.71243    19.0242     1.8312    9.79007    1.23874    8.28878
7.47681   -1.78409    1.75186  -0.773502   -3.62604  -0.711558   -44.2325    2.50793 -0.0865727    1.23874    17.8978  -0.313927
3.65024    -5.9409  -0.517817   -2.56103   -1.19584   -2.57103    1.38097    16.2332   0.825075    8.28878  -0.313927    7.69843];
a = [170.496   -4.43166   -60.2107   -2.71243   -44.2325    1.38097   -20.7346    6.56694     5.8715     2.9918    6.68103    2.35851
-4.43166    70.9431    6.69656    19.0242    2.50793    16.2332    10.1591   -18.8141  -0.420702   -5.97244   -3.49315   -6.45921
-60.2107    6.69656    129.469     1.8312 -0.0865727   0.825075     2.6526   -4.30105   -24.4383   -2.46092    2.55571   -1.28668
-2.71243    19.0242     1.8312    9.79007    1.23874    8.28878    4.82297   -7.19249  -0.707119    -3.1545   -1.64413    -3.0806
-44.2325    2.50793 -0.0865727    1.23874    17.8978  -0.313927    7.47681   -1.78409    1.75186  -0.773502   -3.62604  -0.711558
1.38097    16.2332   0.825075    8.28878  -0.313927    7.69843    3.65024    -5.9409  -0.517817   -2.56103   -1.19584   -2.57103
-20.7346    10.1591     2.6526    4.82297    7.47681    3.65024    78.5448   -20.6657   -6.73465   -11.5708   -25.1516   -5.30126
6.56694   -18.8141   -4.30105   -7.19249   -1.78409    -5.9409   -20.6657    82.0362    17.8192    35.2456    4.90277    19.6061
5.8715  -0.420702   -24.4383  -0.707119    1.75186  -0.517817   -6.73465    17.8192    74.1412    11.0247   -7.72449     6.2021
2.9918   -5.97244   -2.46092    -3.1545  -0.773502   -2.56103   -11.5708    35.2456    11.0247     18.484    2.59941    9.94153
6.68103   -3.49315    2.55571   -1.64413   -3.62604   -1.19584   -25.1516    4.90277   -7.72449    2.59941    11.2817   0.922499
2.35851   -6.45921   -1.28668    -3.0806  -0.711558   -2.57103   -5.30126    19.6061     6.2021    9.94153   0.922499      6.108];



% [A'A   A'B
%  B'A   B'B]

% [B'B   B'A
%  A'B   A'A]


a(1:6,7:end) - b(7:end, 1:6)
a(7:end, 1:6) - b(1:6,7:end)

temp_row = a(1:6,:);
a(1:6,:) = a(7:end,:);
a(7:end,:) = temp_row;

temp_col = a(:,1:6);
a(:,1:6) = a(:,7:end);
a(:,7:end) = temp_col;




end