function visualizeExtrinsic()

if 0
    %x1
    T_c0_ci{1,1} = inv([eye(3) [0 0 0]';0 0 0 1]);
    T_c0_ci{2,1} = inv([reshape([-0.7683307252 -0.5656647771 -0.2994849855 -0.09002625373 -0.3677458772 0.9255583414 -0.6336901217 0.738096423 0.2316257758],3,3)' [-0.01060481166 0.04776924033 -0.0358142646]';0 0 0 1]);
    T_c0_ci{3,1} = inv([reshape([0.8080547617 -0.5719155343 0.1412803017 -0.1225001912 0.07145375532 0.9898929558 -0.5762301668 -0.8171945805 -0.01232121504],3,3)' [-0.03540059963 0.06526900944 -0.1000511755]';0 0 0 1]);
    T_c0_ci{4,1} = inv([reshape([0.9998085018 0.01886327384 0.00520928788 -0.01956207278 0.956112518 0.2923459906 0.0005339371247 -0.2923919113 0.9562984289],3,3)' [0.0001209599549 0.07951732063 -0.01241112271]';0 0 0 1]);
    T_c0_ci{5,1} = inv([reshape([0.02930273116310663 -0.9860974114675448 -0.1635641924242281 0.7655269594651709 -0.08307979675741593 0.6380174148898737 -0.6427362011575148 -0.14390845168979374 0.752449688187757],3,3)' [-0.013851144850460198 0.022680440975476564 -0.01641700518705029]';0 0 0 1]);
    T_c0_ci{6,1} = inv([reshape([0.03638055874207199 -0.9878842339640657 -0.15086813843736072 0.7685110521709475 -0.06884577878716472 0.6361218605247719 -0.6388013913636874 -0.13908630052006718 0.7566953041511387],3,3)' [-0.07321748026408863 0.024606173843908424 -0.016665464297760054]';0 0 0 1]);
    
    Tbc0 = [rodrigues([0.4358914812498637 0.6848623954240985 -1.4681838198674302]) [0.019209443318843288 -0.009201480648843453 -9.922077185933354e-05]';0 0 0 1 ];
elseif 1
    % d2
     T_c0_ci{1,1} = inv([eye(3) [0 0 0]';0 0 0 1]);
    T_c0_ci{2,1} = inv([reshape([-0.7522712594, -0.6131239404, -0.2411783281, -0.07427237398, -0.2848069052, 0.9557032182,      -0.6546537762, 0.7368609505, 0.1687138787],3,3)' [-0.006921465198, 0.0415239806, -0.04476612098]';0 0 0 1]);
    T_c0_ci{3,1} = inv([reshape([-0.4437552347, 0.8939666254, 0.06248971408, 0.05174727192, 0.09517698848, -0.9941144606,      -0.8946527323, -0.4379098236, -0.08849562092],3,3)' [0.08268356958, -0.05278397269, -0.1165265748]';0 0 0 1]);
    T_c0_ci{4,1} = inv([reshape([0.9251428645, -0.3737316758, -0.06659815926, 0.3708869167, 0.8524328624, 0.3685120216,      -0.08095415588, -0.3656266532, 0.927234369],3,3)' [-0.0204903362, 0.1114286717, -0.02200318922]';0 0 0 1]);
    
    
    Tbc0 = [rodrigues([0.421465977847499, 0.6014447473015462, -1.2332086960432156]) [0.10251090218843946, 1.2361403879674393e-05, 0.0048728787120416745]';0 0 0 1 ];
    
    
    
    
else
   
    
    
    
    
    
   
    
    T_c0_ci{1,1} = inv([eye(3) [0 0 0]';0 0 0 1]);
    T_c0_ci{2,1} = inv([reshape([0.6727145065 0.7387834647 -0.04067167263 -0.2820078183 0.3068318578 0.9090246429 0.6840517401 -0.6000443344 0.4147529549],3,3)' [-0.006825106879 0.06021831266 -0.03401028866]';0 0 0 1]);
    T_c0_ci{3,1} = inv([reshape([-0.655771558 0.7270775939 -0.2032777317 -0.281893178 0.01396792779 0.9593441161 0.7003569803 0.6864131915 0.1957984438],3,3)' [-0.05357188505 0.07414915856 -0.09182640967]';0 0 0 1]);
    T_c0_ci{4,1} = inv([reshape([0.9999806699 -0.0005959729351 -0.006189068271 -0.00154082537 0.9405945399 -0.3395284043 0.006023753562 0.3395313775 0.9405754399],3,3)' [-0.001032191199 -0.08643857277 -0.01507153175]';0 0 0 1]);
    
     %d1  _imu.xml
     Tbc0 = [rodrigues([0.65938405 -0.40418447 1.5722526]) [0.0099478497 -0.00029363154 0.010108488]';0 0 0 1 ];
    
     % d1 .xml
%     Tbc0 = [rodrigues([-2.8189885 0.090851953 0.98712305]) [-0.00065045945 0.070430037 -0.010289732]';0 0 0 1 ];
    
end






Tbc_mat = [reshape(eye(3),1,9) [0 0 0]];
for(i = 1 : length(T_c0_ci))
    Tbc = Tbc0*T_c0_ci{i,1};
    Tbc_mat = [Tbc_mat;[reshape(Tbc(1:3,1:3),1,9) Tbc(1:3,4)']];
    
end

figure,plotPath(Tbc_mat);

rotmat1 = reshape(Tbc_mat(1,1:9),3,3);
rotmat2 = reshape(Tbc_mat(5,1:9),3,3);
rotvec = rodrigues(rotmat2);
rotvec0 = rotvec;
rotvec(2:3) = 0;
rotmat22 = rodrigues(rotvec);
euler = rotm2eul(rotmat2);
Tbc_mat1 = Tbc_mat;
Tbc_mat1(6,:) = Tbc_mat1(5,:);
Tbc_mat1(6,1:9) = reshape(rotmat22,1,9);
CalcDegree(rotmat1(:,3)', rotmat2(:,3)')
CalcDegree(rotmat1(:,3)', rotmat22(:,3)')
if 0
    figure, plotPath(Tbc_mat1);
end

end