function visualizeExtrinsic()


T_c0_ci{1,1} = inv([eye(3) [0 0 0]';0 0 0 1]);
T_c0_ci{2,1} = inv([reshape([-0.7683307252 -0.5656647771 -0.2994849855 -0.09002625373 -0.3677458772 0.9255583414 -0.6336901217 0.738096423 0.2316257758],3,3)' [-0.01060481166 0.04776924033 -0.0358142646]';0 0 0 1]);
T_c0_ci{3,1} = inv([reshape([0.8080547617 -0.5719155343 0.1412803017 -0.1225001912 0.07145375532 0.9898929558 -0.5762301668 -0.8171945805 -0.01232121504],3,3)' [-0.03540059963 0.06526900944 -0.1000511755]';0 0 0 1]);
T_c0_ci{4,1} = inv([reshape([0.9998085018 0.01886327384 0.00520928788 -0.01956207278 0.956112518 0.2923459906 0.0005339371247 -0.2923919113 0.9562984289],3,3)' [0.0001209599549 0.07951732063 -0.01241112271]';0 0 0 1]);
T_c0_ci{5,1} = inv([reshape([0.02930273116310663 -0.9860974114675448 -0.1635641924242281 0.7655269594651709 -0.08307979675741593 0.6380174148898737 -0.6427362011575148 -0.14390845168979374 0.752449688187757],3,3)' [-0.013851144850460198 0.022680440975476564 -0.01641700518705029]';0 0 0 1]);
T_c0_ci{6,1} = inv([reshape([0.03638055874207199 -0.9878842339640657 -0.15086813843736072 0.7685110521709475 -0.06884577878716472 0.6361218605247719 -0.6388013913636874 -0.13908630052006718 0.7566953041511387],3,3)' [-0.07321748026408863 0.024606173843908424 -0.016665464297760054]';0 0 0 1]);

Tbc0 = [rodrigues([0.4358914812498637 0.6848623954240985 -1.4681838198674302]) [0.019209443318843288 -0.009201480648843453 -9.922077185933354e-05]';0 0 0 1 ];

Tbc_mat = [reshape(eye(3),1,9) [0 0 0]];
for(i = 1 : length(T_c0_ci))
 Tbc = Tbc0*T_c0_ci{i,1};
Tbc_mat = [Tbc_mat;[reshape(Tbc(1:3,1:3),1,9) Tbc(1:3,4)']];
    
end

figure,plotPath(Tbc_mat);

end