%YAML:1.0
---
Cam_0: !!opencv-matrix
   rows: 200
   cols: 2
   dt: d
   data: [ 31.877437, 280.102982, 
           380.964705, 255.120728, 
           72.934983, 470.971640, 
           290.189010, 440.163449, 
           236.957181, 437.723569, 
           31.959966, 477.022901, 
           202.040318, 217.130567, 
           216.096734, 476.137513, 
           464.996830, 274.006148, 
           464.905265, 478.004962, 
           160.061188, 473.915621, 
           269.868530, 456.979438, 
           491.035975, 280.862639, 
           329.952516, 392.017891, 
           326.026159, 478.009824, 
           65.057701, 235.137671, 
           307.064654, 416.919490, 
           19.959940, 290.915531, 
           405.808544, 12.043557, 
           465.996303, 342.996662, 
           420.997735, 405.937566, 
           376.776324, 463.966697, 
           167.968347, 425.956842, 
           133.961566, 237.026616, 
           426.017152, 152.600541, 
           367.112039, 348.823743, 
           195.023506, 441.026656, 
           54.042137, 459.962889, 
           619.020660, 362.991938, 
           333.108286, 377.057416, 
           78.965230, 441.018308, 
           225.005988, 210.041980, 
           453.051772, 419.902735, 
           462.900934, 459.017913, 
           116.005744, 217.018521, 
           278.944268, 405.963023, 
           97.014804, 255.038096, 
           348.996137, 445.997417, 
           3.024326, 265.047428, 
           413.872197, 87.010280, 
           319.981814, 367.050924, 
           322.984832, 155.730673, 
           21.058408, 462.961961, 
           120.907937, 463.098155, 
           417.738038, 107.988530, 
           440.089952, 214.025755, 
           364.790655, 267.776317, 
           287.203373, 367.111932, 
           255.036801, 476.804430, 
           61.837101, 389.041490, 
           343.911635, 364.857494, 
           346.196184, 460.773712, 
           105.958142, 465.931268, 
           394.259559, 477.014923, 
           357.912732, 432.960498, 
           182.062677, 451.080674, 
           280.824351, 127.020390, 
           387.031705, 449.856394, 
           169.999836, 200.999353, 
           443.047407, 64.210489, 
           352.978902, 331.009473, 
           82.040332, 261.094571, 
           435.988213, 413.033138, 
           430.024144, 36.992687, 
           407.950892, 395.949345, 
           460.018566, 68.970198, 
           173.012661, 359.754991, 
           343.132700, 301.918770, 
           310.997806, 460.003167, 
           250.114822, 400.887965, 
           80.993835, 228.983696, 
           306.336968, 37.836462, 
           257.119875, 429.117384, 
           381.801041, 351.848408, 
           71.021857, 418.992758, 
           16.925933, 257.843613, 
           441.926145, 449.971491, 
           399.990641, 263.997881, 
           293.961980, 408.118613, 
           238.285313, 136.955997, 
           490.961799, 158.082999, 
           192.973350, 199.903225, 
           233.997036, 408.996435, 
           622.956091, 464.973499, 
           340.926542, 142.054931, 
           634.930297, 365.122913, 
           100.995652, 221.987461, 
           212.937281, 391.926198, 
           222.022610, 283.040936, 
           556.058931, 341.941269, 
           84.931155, 455.033163, 
           261.040020, 444.062284, 
           459.944275, 92.042989, 
           455.057252, 355.055435, 
           627.072681, 380.969050, 
           303.103883, 431.820818, 
           271.221012, 15.019751, 
           401.003153, 152.688467, 
           483.956838, 41.992191, 
           443.967376, 24.844808, 
           506.012809, 256.968170, 
           24.886877, 11.932414, 
           283.893831, 475.141355, 
           239.942588, 253.008476, 
           223.563720, 1.014546, 
           322.156100, 444.797229, 
           625.889394, 19.102399, 
           163.850587, 410.984785, 
           2.861311, 436.082908, 
           331.081680, 97.975732, 
           252.981221, 186.902864, 
           422.949153, 473.974596, 
           434.046727, 307.987857, 
           490.962726, 198.999214, 
           320.006268, 53.252958, 
           374.098891, 368.079155, 
           446.887319, 83.009610, 
           247.953094, 291.069378, 
           311.080874, 392.953151, 
           238.087679, 371.131769, 
           288.174051, 190.012114, 
           306.168203, 349.932574, 
           382.057644, 410.026792, 
           309.976509, 164.675804, 
           473.004935, 153.928922, 
           206.055778, 294.109189, 
           347.990790, 10.997004, 
           501.102517, 55.084733, 
           471.095246, 445.135984, 
           632.147702, 452.083403, 
           310.045940, 476.021873, 
           51.004216, 241.009668, 
           454.596723, 292.077026, 
           412.994294, 231.036900, 
           496.990292, 295.039535, 
           135.033766, 472.949233, 
           229.912322, 78.010561, 
           302.879266, 188.655521, 
           448.182131, 112.022442, 
           1.964091, 299.910317, 
           390.937386, 338.954732, 
           65.967293, 404.011701, 
           207.816929, 196.770677, 
           328.000520, 66.998246, 
           48.065067, 277.140779, 
           383.995065, 67.963129, 
           568.053865, 351.934323, 
           200.959694, 378.013882, 
           566.000624, 281.176576, 
           362.840313, 103.969619, 
           372.821671, 422.876048, 
           335.004087, 425.012344, 
           337.967564, 47.034081, 
           311.984801, 99.944487, 
           283.034150, 174.976786, 
           63.069277, 270.166316, 
           476.124111, 331.108348, 
           198.996134, 115.009878, 
           498.977091, 215.009728, 
           54.893848, 374.802237, 
           283.019051, 146.998107, 
           422.021329, 389.023564, 
           135.053223, 450.059028, 
           446.971653, 278.002836, 
           316.999127, 27.033278, 
           470.903245, 53.872805, 
           273.128528, 44.990762, 
           451.081946, 307.249287, 
           534.028565, 14.009042, 
           442.213339, 126.819546, 
           636.103242, 33.935046, 
           277.994111, 390.021343, 
           385.000231, 153.006118, 
           469.159874, 30.806947, 
           427.072714, 292.966280, 
           491.880000, 247.104365, 
           350.971643, 262.036637, 
           548.088614, 324.835533, 
           102.048721, 350.082452, 
           91.270494, 468.865983, 
           284.083773, 6.171525, 
           498.107012, 4.096233, 
           523.992624, 355.987378, 
           315.043974, 81.856806, 
           506.763536, 279.953098, 
           32.393086, 262.891869, 
           325.983261, 291.004757, 
           165.029956, 229.094659, 
           294.926473, 100.067460, 
           337.010902, 163.688185, 
           235.967199, 229.005212, 
           535.957714, 342.894241, 
           440.082610, 197.973704, 
           403.045568, 452.072930, 
           11.934321, 450.038149, 
           504.886154, 238.173799, 
           436.110363, 464.046978, 
           150.056661, 227.146509, 
           154.044383, 322.068615, 
           145.034245, 208.106474 ]
