%YAML:1.0
---
Cam_0: !!opencv-matrix
   rows: 200
   cols: 2
   dt: d
   data: [ 32.987452, 280.007586, 
           73.949838, 468.972379, 
           202.025511, 216.134590, 
           24.064699, 466.958604, 
           491.999800, 280.000725, 
           333.947060, 374.973166, 
           58.994969, 236.988197, 
           270.219341, 456.000522, 
           381.975029, 254.112341, 
           161.071081, 472.894888, 
           465.086749, 473.997987, 
           368.080647, 347.874696, 
           20.954068, 289.909851, 
           134.958624, 237.011371, 
           202.932092, 433.916387, 
           238.019103, 436.187461, 
           290.221204, 439.191460, 
           629.151288, 384.954997, 
           465.056404, 272.882961, 
           376.972577, 462.994324, 
           311.946263, 392.054080, 
           119.993952, 244.983815, 
           169.102942, 424.132554, 
           328.005614, 447.994545, 
           170.028380, 209.106948, 
           461.158766, 347.137947, 
           430.978234, 409.053834, 
           473.020060, 152.761590, 
           330.793035, 391.090599, 
           447.889800, 433.959442, 
           258.032501, 445.049950, 
           383.004302, 94.416588, 
           8.000631, 262.001181, 
           308.022248, 415.973739, 
           340.712766, 466.944862, 
           406.248835, 9.964856, 
           285.866959, 337.018159, 
           218.153786, 434.870790, 
           408.937486, 393.935684, 
           155.019789, 210.072057, 
           190.032272, 200.048572, 
           110.017255, 218.050010, 
           271.036373, 437.200806, 
           293.093177, 421.889082, 
           539.975519, 266.991848, 
           255.941670, 365.024524, 
           353.956738, 437.973764, 
           252.957642, 413.956631, 
           2.987795, 298.971345, 
           229.742262, 477.185922, 
           623.078421, 370.958181, 
           26.017975, 265.993557, 
           406.004415, 151.291791, 
           487.950758, 305.965650, 
           295.005623, 406.986340, 
           215.004499, 476.006323, 
           348.004651, 279.046141, 
           26.157327, 435.877418, 
           463.023181, 456.995363, 
           344.974299, 450.980398, 
           45.069317, 243.144096, 
           321.016288, 365.951539, 
           49.049829, 276.107362, 
           462.079451, 421.761015, 
           433.024693, 470.010490, 
           274.711377, 58.022221, 
           427.653773, 62.025583, 
           447.016425, 415.940746, 
           288.611921, 188.978081, 
           471.034709, 444.058284, 
           242.982438, 203.945048, 
           332.955137, 16.982023, 
           254.998184, 475.066955, 
           388.021914, 268.756683, 
           125.995212, 212.978912, 
           278.044439, 315.939696, 
           68.913671, 410.027292, 
           424.001355, 386.001510, 
           237.919999, 130.017315, 
           377.872145, 46.046393, 
           353.886503, 318.055591, 
           185.050025, 215.161490, 
           311.974983, 459.036308, 
           169.072525, 460.096241, 
           400.863628, 260.981386, 
           279.944656, 403.956216, 
           150.990913, 225.976214, 
           627.983438, 22.010994, 
           365.037896, 98.010790, 
           327.010314, 154.188599, 
           439.034240, 21.845466, 
           500.047348, 294.730796, 
           231.002014, 376.002344, 
           449.158211, 360.151642, 
           2.918310, 43.948577, 
           306.004569, 62.996774, 
           280.159836, 477.905883, 
           363.009448, 161.772649, 
           361.036983, 366.953018, 
           443.008138, 63.054725, 
           435.098594, 117.840409, 
           64.155208, 393.961752, 
           448.131111, 85.897589, 
           564.984882, 273.026559, 
           414.005857, 178.112064, 
           9.803054, 419.972145, 
           417.758789, 92.043458, 
           406.962140, 470.841551, 
           484.327391, 42.058251, 
           310.811611, 473.898692, 
           348.855503, 8.961929, 
           272.060768, 22.997064, 
           427.201844, 290.901885, 
           320.896493, 431.048084, 
           309.885180, 102.004882, 
           491.260881, 199.003527, 
           493.102153, 246.903678, 
           370.920050, 229.887889, 
           191.162102, 408.198924, 
           556.880357, 342.125635, 
           327.118648, 291.953908, 
           85.040024, 259.097522, 
           636.810132, 365.200636, 
           2.908589, 436.055841, 
           279.008862, 104.999120, 
           381.030843, 67.200897, 
           403.032885, 451.053499, 
           228.036857, 208.121906, 
           73.961162, 230.892480, 
           387.092245, 448.636202, 
           287.851439, 365.914150, 
           303.982152, 155.761538, 
           404.982859, 318.981663, 
           472.011270, 335.010229, 
           305.999461, 432.000831, 
           297.858115, 453.198289, 
           267.856261, 417.880250, 
           282.063035, 6.129572, 
           229.993895, 190.971251, 
           329.041280, 65.893466, 
           291.105393, 302.965709, 
           210.127010, 450.056016, 
           620.096088, 344.876233, 
           83.082380, 447.971762, 
           265.043234, 173.024951, 
           397.870537, 184.861530, 
           343.937314, 301.039377, 
           31.015884, 250.023727, 
           281.094773, 123.989083, 
           371.982745, 477.994020, 
           391.003859, 151.636233, 
           423.122985, 23.985133, 
           378.134542, 361.097657, 
           146.963730, 438.943083, 
           435.018582, 375.018592, 
           442.018231, 449.007010, 
           132.999691, 430.999930, 
           358.096051, 335.916860, 
           64.857074, 355.957737, 
           356.932536, 239.909746, 
           355.036218, 419.978747, 
           244.872594, 398.846595, 
           74.825271, 427.073845, 
           378.086046, 23.013954, 
           452.005239, 108.044296, 
           636.957983, 35.028655, 
           104.897811, 465.838742, 
           137.981101, 329.944564, 
           414.629823, 424.087426, 
           230.094180, 74.990626, 
           237.800793, 236.012594, 
           252.971553, 185.836485, 
           451.068527, 467.127742, 
           347.976059, 394.982665, 
           183.929119, 448.904311, 
           255.079169, 430.079352, 
           437.982111, 151.435877, 
           394.888700, 331.924896, 
           476.839810, 420.940310, 
           224.862866, 280.761005, 
           590.902442, 329.088466, 
           375.000571, 152.021194, 
           369.049794, 427.197362, 
           140.929520, 475.112188, 
           507.033374, 317.893870, 
           504.017249, 51.013082, 
           329.007238, 95.062971, 
           341.980802, 30.991009, 
           437.879764, 7.022439, 
           14.778153, 454.137627, 
           294.937367, 96.989890, 
           507.069773, 279.015579, 
           283.034060, 172.975284, 
           201.086953, 114.852723, 
           266.143660, 194.894207, 
           263.007697, 299.988950, 
           338.938128, 46.083617, 
           433.996174, 305.001438, 
           415.774541, 115.019278, 
           89.969431, 224.918414 ]
