%YAML:1.0
---
Cam_0: !!opencv-matrix
   rows: 200
   cols: 2
   dt: d
   data: [ 32.920284, 279.066500, 
           380.962055, 253.074001, 
           74.839051, 467.877450, 
           291.113729, 438.101517, 
           202.980050, 212.099096, 
           3.004317, 299.010548, 
           270.734543, 454.961201, 
           24.082771, 466.946596, 
           73.016643, 231.042565, 
           465.908167, 478.010205, 
           368.031242, 346.950378, 
           135.080618, 235.960748, 
           215.987553, 474.982303, 
           376.972089, 462.989614, 
           464.047152, 271.881884, 
           618.789410, 359.033191, 
           307.988431, 154.845625, 
           434.043947, 468.018724, 
           436.000000, 161.448400, 
           191.067402, 408.094773, 
           161.030228, 471.957507, 
           387.037455, 447.848460, 
           357.933067, 431.961714, 
           65.970373, 398.008998, 
           227.010785, 208.041253, 
           409.076789, 393.080967, 
           308.034168, 414.957374, 
           11.955737, 259.914908, 
           434.116774, 303.953109, 
           484.835290, 39.966117, 
           249.970127, 197.882684, 
           26.094346, 434.908582, 
           201.254844, 477.282472, 
           263.186785, 179.008502, 
           627.954127, 22.029159, 
           448.998638, 151.025151, 
           236.892676, 423.056810, 
           501.031184, 281.881132, 
           348.975699, 444.981737, 
           221.930399, 417.915488, 
           459.005779, 104.046282, 
           414.931030, 423.999214, 
           16.940146, 291.872120, 
           383.089226, 407.048101, 
           463.132298, 454.970230, 
           437.934519, 411.156607, 
           306.975225, 348.009412, 
           311.956173, 458.061701, 
           636.041688, 388.019824, 
           266.079917, 193.922428, 
           348.145414, 459.828400, 
           449.931048, 358.936502, 
           338.966854, 420.896979, 
           318.720220, 426.199564, 
           189.016674, 302.029301, 
           247.273952, 182.920524, 
           28.026968, 8.017551, 
           271.867163, 408.215059, 
           415.980342, 114.001268, 
           114.789220, 478.168771, 
           272.928278, 33.003887, 
           51.945918, 239.876012, 
           262.008616, 442.013428, 
           384.006399, 66.045018, 
           534.014067, 14.004182, 
           421.205565, 476.137000, 
           539.951974, 251.088324, 
           248.177997, 436.174222, 
           404.995153, 150.756646, 
           186.012700, 447.016920, 
           447.070810, 436.026377, 
           294.958405, 406.115378, 
           460.931170, 346.941990, 
           401.020728, 261.006031, 
           408.177616, 3.016033, 
           333.925935, 374.961148, 
           454.943502, 88.063445, 
           152.053933, 322.066812, 
           240.994538, 252.000975, 
           420.032348, 177.824483, 
           119.033076, 245.086122, 
           61.866267, 383.035193, 
           330.956781, 390.017949, 
           450.987758, 303.941868, 
           369.000353, 161.004934, 
           78.079667, 433.972880, 
           484.023324, 174.002587, 
           260.039051, 385.873636, 
           345.109792, 362.209619, 
           174.964233, 203.877140, 
           201.064126, 435.081626, 
           198.036204, 112.894458, 
           340.926858, 473.884836, 
           486.055884, 277.745492, 
           414.688869, 85.032370, 
           188.004095, 214.013819, 
           405.897016, 316.884731, 
           326.160757, 476.100606, 
           291.172826, 301.922078, 
           317.998741, 25.098075, 
           11.046097, 31.032339, 
           550.024416, 322.950338, 
           271.881729, 18.009607, 
           289.978184, 75.148758, 
           359.999117, 365.001172, 
           530.963987, 346.937742, 
           304.051363, 429.911602, 
           318.009017, 104.990532, 
           288.162836, 365.082191, 
           317.958370, 51.912365, 
           353.907744, 417.121555, 
           296.950090, 452.037080, 
           88.999829, 224.999537, 
           614.104780, 3.929828, 
           106.954079, 218.865784, 
           365.924771, 57.015482, 
           342.003891, 28.997873, 
           439.107728, 370.108764, 
           449.201996, 116.015994, 
           494.913085, 63.948778, 
           394.911556, 422.098863, 
           288.240115, 317.994585, 
           121.996406, 213.987056, 
           636.964024, 444.974431, 
           433.000402, 47.000185, 
           44.397043, 477.821034, 
           363.940004, 100.984913, 
           243.814206, 267.025386, 
           218.220086, 432.823043, 
           292.994528, 338.994720, 
           316.024715, 79.910033, 
           262.977290, 299.034560, 
           104.883297, 465.825140, 
           70.948856, 414.016459, 
           318.975064, 182.926798, 
           452.003275, 416.993299, 
           374.021932, 420.017678, 
           14.814826, 454.116075, 
           320.079777, 405.033365, 
           340.101817, 406.079923, 
           385.000907, 151.023129, 
           64.011202, 269.028215, 
           493.046355, 16.000512, 
           423.812373, 27.034043, 
           368.838641, 475.812899, 
           288.215164, 420.074736, 
           435.134767, 446.052793, 
           471.999740, 152.003469, 
           34.004163, 263.998440, 
           328.060141, 64.790081, 
           381.009398, 222.014031, 
           353.973652, 317.013417, 
           540.026350, 267.011775, 
           322.992160, 153.862891, 
           256.083919, 363.964253, 
           170.095780, 459.130506, 
           136.189270, 448.200747, 
           442.226033, 200.969536, 
           323.085578, 442.895560, 
           636.924336, 35.052333, 
           40.281455, 462.829749, 
           427.931621, 62.005846, 
           465.915367, 406.859955, 
           97.043594, 352.099367, 
           283.042081, 5.083154, 
           358.949596, 379.955598, 
           132.920469, 469.122779, 
           488.924553, 303.944973, 
           2.082833, 434.945382, 
           449.006805, 59.076342, 
           170.109004, 423.148921, 
           351.933955, 276.915601, 
           278.988497, 102.000783, 
           212.111111, 190.977610, 
           233.950407, 407.938095, 
           272.811703, 311.219217, 
           320.947810, 365.139820, 
           159.016303, 212.053001, 
           624.948482, 373.026477, 
           327.888385, 292.052152, 
           528.902905, 324.090551, 
           564.017131, 271.970186, 
           2.875327, 43.930421, 
           504.959743, 236.059031, 
           444.967976, 22.866188, 
           404.011285, 225.981259, 
           174.095959, 403.016306, 
           435.014495, 185.986402, 
           303.925534, 186.767945, 
           306.010324, 61.994358, 
           260.037057, 425.035612, 
           369.927641, 444.028373, 
           424.008120, 150.655755, 
           248.081421, 458.970799, 
           280.964648, 120.003602, 
           428.992969, 79.008550, 
           137.071879, 330.103981, 
           289.010583, 188.001060, 
           404.033546, 180.062180, 
           365.778126, 265.777763 ]
