%YAML:1.0
---
R: !!opencv-matrix
   rows: 3
   cols: 3
   dt: d
   data: [ 0.999981151795670, -0.006034952344210,
       -0.001129337686096, 0.006035524962463,
       0.999981658881846, 5.043196789712623e-04,
       0.001126273427551, -5.111263192463832e-04,
       0.999999235128734 ]
T: !!opencv-matrix
   rows: 3
   cols: 1
   dt: d
   data: [ -49.928055580652210, 0.059448889794634,
       0.989415579956025 ]
R1: !!opencv-matrix
   rows: 3
   cols: 3
   dt: d
   data: [ 9.9863711494120166e-01, 6.5512572204132280e-03,
       -5.1778312938384599e-02, -6.5660158581745502e-03,
       9.9997843688027965e-01, -1.1493573387042183e-04,
       5.1776443462867389e-02, 4.5475631353896758e-04,
       9.9865859686833502e-01 ]
R2: !!opencv-matrix
   rows: 3
   cols: 3
   dt: d
   data: [ 9.9853895228632750e-01, 1.6112407025582719e-02,
       -5.1578591554688413e-02, -1.6097704034681123e-02,
       9.9987017818598212e-01, 7.0049921061302522e-04,
       5.1583182256770790e-02, 1.3082115353014979e-04,
       9.9866869290775839e-01 ]
P1: !!opencv-matrix
   rows: 3
   cols: 4
   dt: d
   data: [ 4.7532539342845399e+02, 0., 3.7048633956909180e+02, 0., 0.,
       4.7532539342845399e+02, 2.2945634078979492e+02, 0., 0., 0., 1.,
       0. ]
P2: !!opencv-matrix
   rows: 3
   cols: 4
   dt: d
   data: [ 4.7532539342845399e+02, 0., 3.7048633956909180e+02,
       -2.3544767431705433e+04, 0., 4.7532539342845399e+02,
       2.2945634078979492e+02, 0., 0., 0., 1., 0. ]
Q: !!opencv-matrix
   rows: 4
   cols: 4
   dt: d
   data: [ 1., 0., 0., -3.7048633956909180e+02, 0., 1., 0.,
       -2.2945634078979492e+02, 0., 0., 0., 4.7532539342845399e+02, 0.,
       0., 2.0188154111404805e-02, 0. ]
