%YAML:1.0
---
M1: !!opencv-matrix
   rows: 3
   cols: 3
   dt: d
   data: [ 4.5352761456068038e+02, 0., 3.3708432282330301e+02, 0.,
       4.5297093175812284e+02, 2.3212068283885779e+02, 0., 0., 1. ]
D1: !!opencv-matrix
   rows: 1
   cols: 5
   dt: d
   data: [ 1.8999373440835257e-02, -3.8663352359965007e-02,
       1.5829771271112969e-03, -1.7411690052917414e-04, 0. ]
M2: !!opencv-matrix
   rows: 3
   cols: 3
   dt: d
   data: [ 4.5669231745219963e+02, 0., 3.3097792840452661e+02, 0.,
       4.5614291320552536e+02, 2.2721052902064466e+02, 0., 0., 1. ]
D2: !!opencv-matrix
   rows: 1
   cols: 5
   dt: d
   data: [ 1.6266401172452524e-02, -3.2670736138847641e-02,
       -4.4078961270237713e-05, 1.3687326564117725e-03, 0. ]
